INDEX OF LITURGICAL FORMS.

(11111711
6676177 1766767, 764, 747.
misericordiae 7677, 777.
Dmfflffiffl 1111111) 117. 7411
ecclesium, 777·
Domai 110711611177114616771 76666787, 749
1117177ῗὲ11.
11670171161111171117 tute, 6, 776.
Μ’71111111111771777,777.
7767761666786, 748.
11111717· ,1,17.

7776717766 747
neus qui 667

1771717777 747
mortem, 777

77167111,

b.S 17761777..1
7776676766, 777.

ommno-ww
6777766666, 777, 746.
7776776776, 776.
11611696111716111167, 776
676761766ὓί66, 7,6779.
7777777.. 7
hodiem 617 7771776667, 798, 776.
1111111111. 616

”wan .,
11111 111111. 106 161 641 669
mmmm. 777·
7161171ἒ6617 nostrae 779, 777.

7777767667 ,71110 m

7767767676 7667677, 749

Unigmiti tui 7177716777, 779.
Deus qni

amm ffipxgs 37178 7 767.

1666671667 7777717766, 777.

161171661111671117, 778.

679

(1161711)
omnipotentiam 7766, 777, 777.
666166 777677, 766.
opprobrium 7761777717, 7 7ο.
7777766167) 76 617, 97, 776.
7776676666 777617, 779.

neum veteris, 77. 774 m..
m 11717167, 77, 776.
ineffabilem 6676761176, 77 ,777.
67 bati 7 611, 7, 779

Deus qui 77677 1101161766 7666
9160111111, 9078 666·

ἓ11777ἀε761777791117338 66767666, 77, 778.

77

77177616 766 plene ,,778
populum 7666 6116767, 776.
pont 67776761, 767.
77776166667777771, 777.
7777776776 diem, 778, 748.
17171· tempori& 1¹9 777

1167761776

76167766, 777, 764.
661717 Filium, 777.

7777
profundo 66771116, 77.
76777· 7
&²⁸93un 11117 16·
6666, 748.

Μ76117767 ..17777617 7671677, 774.
Ῑ)7777767 ’767717
6711611767·
ex 77777 77 77177.
100,oe 77. 7711

7777776676 1667177717, 777 ,744
Deus (771 677776. tiu 666167 77
6767766
766767166766676, 777

771667 77777677, 779.

7766776 6661766177, 767.
meti· 7617 6666 77 6666, 777.
77767666 766776, 747.

777767 7677767. 767 778.

..mmm-h, ⁹². 776777·

76167 77 66767, 777.
7776166777777677, 797.

:mnne ῑίδῐι66117111113174.

76 7777761661, 776.

77 rectis, 767 746

77 71667717, 766.
7676761766677177, 797.
7716667966, 767, 777, 747, 746,

 

